Test run 1 on input of size 4.

Matrix A:

[ 83, 77, 49, 62 ]
[ 93, 86, 90, 63 ]
[ 40, 72, 82, 62 ]
[ 11, 67, 67, 29 ]


Matrix B:

[ 86, 15, 21, 27 ]
[ 35, 92, 59, 26 ]
[ 26, 36, 30, 23 ]
[ 68, 29, 35, 2 ]


Matrix C (A x B):

[ 15323, 11891, 9926, 5494 ]
[ 17632, 14374, 11932, 6943 ]
[ 12308, 11974, 9718, 4962 ]
[ 7005, 9582, 7209, 3638 ]



Total time: 715


Test run 2 on input of size 8.

Matrix A:

[ 22, 69, 29, 21, 36, 46, 82, 14 ]
[ 93, 11, 84, 98, 13, 24, 34, 43 ]
[ 15, 13, 62, 96, 87, 76, 54, 32 ]
[ 91, 56, 5, 84, 88, 3, 76, 39 ]
[ 26, 94, 67, 97, 9, 67, 6, 19 ]
[ 95, 34, 17, 52, 97, 86, 28, 32 ]
[ 1, 86, 40, 31, 3, 70, 96, 18 ]
[ 65, 44, 97, 81, 8, 40, 46, 21 ]


Matrix B:

[ 58, 67, 73, 19, 5, 29, 45, 67 ]
[ 56, 42, 37, 24, 57, 95, 64, 50 ]
[ 70, 26, 70, 81, 8, 78, 99, 60 ]
[ 80, 73, 25, 27, 84, 51, 68, 12 ]
[ 86, 39, 1, 2, 27, 56, 83, 24 ]
[ 70, 78, 92, 56, 53, 65, 71, 29 ]
[ 80, 41, 29, 17, 19, 68, 23, 45 ]
[ 89, 19, 71, 75, 15, 49, 51, 55 ]


Matrix C (A x B):

[ 22972, 15279, 14354, 10082, 11217, 21794, 18559, 13574 ]
[ 29075, 20621, 21786, 16654, 12910, 21999, 25627, 17900 ]
[ 33588, 22314, 19233, 15959, 17259, 26454, 29664, 15009 ]
[ 32813, 22234, 16502, 10307, 15307, 24835, 25140, 17969 ]
[ 26857, 20697, 20187, 16093, 18365, 26055, 27026, 15100 ]
[ 32214, 24278, 21776, 13288, 15106, 24457, 28103, 17551 ]
[ 24594, 16837, 17335, 13068, 13716, 25028, 19962, 14551 ]
[ 28541, 20355, 21701, 16948, 13938, 24967, 26485, 17924 ]



Total time: 1448


Test run 3 on input of size 16.

Matrix A:

[ 79, 64, 34, 24, 35, 18, 76, 43, 99, 59, 26, 84, 6, 13, 21, 39 ]
[ 41, 93, 87, 43, 43, 28, 13, 6, 13, 90, 90, 76, 21, 19, 40, 5 ]
[ 27, 59, 75, 74, 4, 28, 24, 70, 36, 45, 48, 59, 27, 84, 96, 30 ]
[ 32, 37, 58, 29, 69, 17, 90, 72, 79, 87, 36, 42, 20, 22, 92, 72 ]
[ 44, 5, 42, 97, 20, 44, 82, 24, 25, 22, 98, 24, 21, 4, 44, 2 ]
[ 54, 69, 55, 48, 22, 8, 62, 0, 40, 98, 9, 19, 61, 26, 84, 42 ]
[ 22, 99, 11, 5, 52, 79, 81, 33, 32, 94, 50, 60, 28, 72, 53, 3 ]
[ 46, 40, 61, 78, 68, 73, 60, 99, 79, 73, 79, 93, 58, 36, 33, 90 ]
[ 67, 68, 49, 3, 50, 56, 39, 28, 14, 12, 89, 55, 73, 73, 57, 71 ]
[ 0, 88, 63, 53, 94, 99, 0, 47, 12, 10, 20, 87, 89, 7, 0, 18 ]
[ 86, 52, 36, 14, 59, 35, 4, 49, 38, 70, 49, 5, 25, 74, 70, 17 ]
[ 75, 57, 60, 28, 39, 15, 85, 43, 56, 6, 17, 45, 57, 93, 69, 22 ]
[ 77, 38, 92, 43, 77, 90, 5, 12, 73, 31, 57, 21, 38, 18, 77, 36 ]
[ 49, 67, 29, 82, 24, 14, 0, 26, 82, 92, 74, 47, 70, 12, 76, 7 ]
[ 41, 26, 23, 81, 16, 78, 51, 31, 31, 37, 81, 16, 57, 99, 18, 63 ]
[ 61, 60, 90, 96, 46, 47, 57, 12, 54, 98, 31, 96, 27, 36, 44, 5 ]


Matrix B:

[ 88, 28, 64, 14, 93, 28, 4, 63, 96, 73, 66, 40, 1, 72, 4, 11 ]
[ 50, 0, 56, 91, 11, 29, 38, 40, 68, 95, 84, 42, 55, 99, 67, 28 ]
[ 65, 36, 7, 21, 18, 88, 43, 83, 7, 56, 72, 9, 50, 58, 81, 84 ]
[ 51, 28, 95, 37, 17, 96, 99, 25, 18, 12, 10, 87, 24, 69, 72, 50 ]
[ 90, 39, 64, 7, 36, 26, 58, 37, 85, 99, 90, 90, 67, 13, 2, 6 ]
[ 86, 82, 4, 11, 65, 16, 24, 36, 42, 13, 81, 36, 54, 59, 21, 68 ]
[ 28, 43, 10, 1, 99, 50, 30, 94, 55, 4, 55, 42, 89, 8, 48, 33 ]
[ 68, 22, 30, 5, 71, 31, 63, 81, 69, 76, 84, 5, 98, 8, 48, 54 ]
[ 46, 29, 90, 33, 48, 2, 2, 3, 55, 90, 74, 41, 58, 37, 14, 29 ]
[ 46, 97, 97, 92, 97, 43, 81, 38, 79, 69, 33, 88, 83, 78, 59, 38 ]
[ 25, 96, 60, 21, 51, 34, 29, 64, 66, 84, 37, 59, 88, 33, 99, 39 ]
[ 88, 29, 4, 27, 92, 27, 29, 35, 17, 60, 18, 83, 81, 58, 63, 94 ]
[ 0, 71, 95, 44, 34, 26, 58, 86, 47, 62, 15, 57, 80, 21, 85, 4 ]
[ 89, 88, 90, 40, 57, 68, 46, 94, 90, 91, 91, 51, 62, 79, 83, 59 ]
[ 69, 32, 61, 9, 52, 29, 80, 93, 21, 40, 16, 2, 44, 11, 5, 49 ]
[ 42, 17, 25, 67, 90, 70, 27, 86, 30, 25, 39, 4, 50, 60, 11, 34 ]


Matrix C (A x B):

[ 42890, 27594, 36045, 24361, 47154, 25961, 25883, 37717, 39797, 44885, 40555, 34407, 44061, 35840, 30102, 30150 ]
[ 41493, 34627, 37574, 28137, 37477, 30387, 33187, 38527, 36347, 46601, 36078, 37861, 43844, 40096, 40931, 33214 ]
[ 47653, 35171, 42747, 26121, 42445, 36623, 39675, 49899, 37578, 46665, 40448, 32697, 47492, 39604, 42277, 39409 ]
[ 48565, 36263, 43994, 27139, 53660, 34636, 39488, 52345, 44333, 49710, 45658, 36080, 55255, 35351, 34891, 35421 ]
[ 31511, 30150, 31050, 13537, 33904, 27663, 28309, 35328, 28638, 28823, 27303, 29967, 35921, 25124, 32170, 26299 ]
[ 36748, 31118, 42356, 28602, 40374, 30604, 34701, 43056, 35831, 39499, 32970, 32112, 40248, 35777, 32593, 26611 ]
[ 46359, 40524, 40634, 28376, 47593, 27421, 34364, 44770, 45986, 48343, 45253, 39563, 52434, 39302, 38585, 33476 ]
[ 61213, 48589, 53551, 34097, 64602, 44016, 46931, 60817, 54210, 61760, 56253, 50229, 68658, 49098, 50888, 47269 ]
[ 46619, 38906, 40119, 25733, 46633, 32002, 31679, 53549, 43987, 50181, 44359, 34260, 49437, 38863, 40011, 33123 ]
[ 41915, 29572, 31359, 22761, 31774, 26202, 31996, 35524, 32372, 41964, 39083, 36408, 44299, 33894, 35901, 31307 ]
[ 43749, 34074, 42324, 22944, 39541, 26030, 30948, 41787, 43136, 47613, 41174, 30580, 39332, 34584, 29781, 26255 ]
[ 46081, 32352, 41134, 21566, 44089, 32068, 31793, 51153, 42186, 47139, 44411, 31985, 45433, 35205, 36339, 31831 ]
[ 48959, 36097, 41391, 22175, 40847, 30495, 32580, 43610, 39508, 47355, 44587, 33894, 42307, 37501, 31584, 32887 ]
[ 39457, 35714, 50726, 29584, 39434, 28628, 37479, 38663, 38998, 48495, 33567, 39470, 44813, 37899, 38794, 29579 ]
[ 41478, 41273, 43013, 25007, 43653, 34862, 33316, 46805, 41006, 40826, 39932, 35751, 45359, 38545, 40696, 31979 ]
[ 52373, 39409, 46300, 30112, 49010, 38498, 40766, 45295, 42114, 49471, 43281, 46526, 50382, 46527, 44070, 40793 ]



Total time: 10666


Test run 4 on input of size 256.


Total time: 50286562


Test run 5 on input of size 512.


Total time: 384813493


